Group	Wildhund
{
	Mob	101
	Type	drop
	1	27987	2	100
	2	27992	2	100
	3	27994	2	100
	4	27993	2	100
	5	30025	2	100
}

Group Wildhund2
{
	type	drop
	mob	102
	1	189	1	1
}

Group Wildhund3
{
	type	drop
	mob	103
	1	189	1	50
}

Group	Stein1
{
	Mob	8001
	Type	drop
	1	27987	2	100
	2	27992	2	100
	3	27994	2	100
	4	27993	2	100
	5	30025	2	100
	6	189	1	100
	7	169	1	100
	8	3219	1	100
}

Group	Blauwolf
{
	Mob	104
	Type	drop
	1	3219	1	100
	2	19	1	100
	3	3239	1	100
	4	39	1	100
	5	3189	1	100
	6	59	1	100
	7	3169	1	100
	8	27992	1	100
	9	29	1	100
	10	3199	1	100
	11	49	1	100
	12	3179	1	100
	13	69	1	100
	14	3229	1	100
}
