Group Waffentruhe
{
	Vnum	50082
	1	19	1	1
	2	29	1	1
	3	39	1	1
	4	49	1	1
	5	59	1	1
	6	69	1	1
	7	79	1	1
	8	89	1	1
	9	99	1	1
	10	3009	1	1
	11	3019	1	1
	12	3029	1	1
	13	3039	1	1
	14	3049	1	1
	15	3059	1	1
	16	3069	1	1
	17	3079	1	1
	18	3089	1	1
	19	3099	1	1
	20	3109	1	1
	21	3119	1	1
	22	3129	1	1
	23	3139	1	1
	24	3149	1	1
	25	3159	1	1
	26	3169	1	1
}

Group Waffentruhe1
{
	Vnum	50081
	1	27994	100	1
	2	27994	1000	1
	3	27994	2000	1
}

Group test1
{
	Vnum	83001
	1	27994	10	1
	2	27992	10	1
	3	27993	10	1
	4	19	1	1
	5	189	1	1
}

Group test2
{
	Vnum	83002
	1	27994	10	1
	2	27992	10	1
	3	27993	10	1
	4	19	1	1
	5	189	1	1
}

Group test3
{
	Vnum	83003
	1	gold	10	1
	2	gold	100	1
	3	gold	100	1
	4	exp	10	1
	5	exp	100	1
}